contig-474	174266	174116	433717	1.025424	122333.684903
contig-20	166307	166157	402817	0.997987	124417.892800
contig-487	141120	140970	334628	0.977173	110498.527830
contig-353	139253	139103	334475	0.989836	106069.254227
contig-544	133200	133050	321334	0.994209	100473.925449
contig-302	132745	132595	325863	1.011681	96229.373742
contig-332	129269	129119	310965	0.991419	98111.965000
contig-210	125665	125515	309416	1.014806	90430.796345
contig-52	124120	123970	299131	0.993301	93806.693880
contig-440	114202	114052	278092	1.003741	84296.965478
contig-198	112436	112286	272036	0.997325	84204.689353
contig-218	110268	110118	265024	0.990747	83798.521655
contig-90	105762	105612	259886	1.012991	76413.915618
contig-341	105735	105585	254375	0.991763	80168.261204
contig-102	100568	100418	241192	0.988752	76754.319947
contig-109	97624	97474	235084	0.992819	73836.484372
contig-379	95639	95489	229525	0.989493	72867.718276
contig-140	95513	95363	234197	1.010968	69323.254860
contig-54	87181	87031	215334	1.018532	62157.956802
contig-58	82933	82783	205040	1.019608	58973.952433
contig-19	82678	82528	202532	1.010249	60092.918371
contig-307	80576	80426	192263	0.984091	62104.658548
contig-202	78793	78643	190622	0.997812	58910.841142
contig-166	77812	77662	193158	1.023859	54769.970109
contig-495	67520	67370	162779	0.994644	50825.713827
contig-121	66485	66335	159863	0.992067	50332.704170
contig-155	63734	63584	151654	0.981843	49340.007323
contig-182	63354	63204	151716	0.988150	48373.934423
contig-123	61446	61296	152152	1.021837	43436.799739
contig-451	60432	60282	146573	1.000927	44840.654322
contig-44	59640	59490	147531	1.020881	42252.689223
contig-141	58208	58058	144606	1.025322	40801.523636
contig-491	58109	57959	141971	1.008358	42387.475194
contig-337	57261	57111	137646	0.992155	43325.371189
contig-282	56402	56252	135211	0.989487	42926.497761
contig-56	55048	54898	132489	0.993480	41524.101261
contig-33	52652	52502	130570	1.023772	37033.876307
contig-343	49013	48863	121097	1.020209	34760.183748
contig-662	43985	43835	105488	0.990645	33365.477000
contig-18	43403	43253	107246	1.020706	30733.127138
contig-240	41468	41318	104470	1.040850	27956.792671
contig-339	41050	40900	97683	0.983177	31645.775033
contig-514	40347	40197	100452	1.028729	28018.719606
contig-146	35363	35213	83619	0.977547	27579.310013
contig-230	34159	34009	84192	1.019091	24257.374253
contig-408	32365	32215	77203	0.986534	24743.786717
contig-241	31772	31622	78000	1.015409	22750.830044
contig-273	31024	30874	73268	0.976916	24213.757408
contig-445	30777	30627	76679	1.030642	21249.418821
contig-169	29090	28940	70658	1.005076	21324.789714
contig-27	28819	28669	72271	1.037737	19548.428846
contig-97	28412	28262	67538	0.983742	21840.408150
contig-74	26852	26702	65717	1.013141	19313.069878
contig-25	26395	26245	63407	0.994550	19804.093330
contig-205	25714	25564	62242	1.002284	18957.321414
contig-383	25335	25185	57922	0.946755	21031.048664
contig-373	24102	23952	58600	1.007144	17565.885515
contig-362	21752	21602	52150	0.993794	16328.053851
contig-38	21727	21577	51082	0.974569	17007.604923
contig-94	20658	20508	49639	0.996404	15410.996511
contig-461	19419	19269	43922	0.938337	16363.934354
contig-328	18602	18452	44942	1.002640	13672.264013
contig-295	16723	16573	39943	0.992146	12572.831191
contig-261	15411	15261	36776	0.992013	11580.911782
contig-490	14988	14838	35928	0.996767	11141.147015
contig-237	14625	14475	34829	0.990509	11021.114471
contig-96	14558	14408	33027	0.943629	12107.408977
contig-189	14228	14078	34790	1.017301	10083.752956
contig-318	13311	13161	31785	0.994190	9939.079550
contig-48	13268	13118	34590	1.085473	7890.345907
contig-214	12878	12728	30331	0.980985	9895.069928
contig-212	12591	12441	30973	1.024858	8752.887697
contig-17	12139	11989	29046	0.997331	8990.581802
contig-15	11953	11803	29946	1.044437	7914.917271
contig-538	11173	11023	26964	1.006979	8087.102519
contig-40	9414	9264	22595	1.004037	6842.491534
contig-454	8263	8113	19054	0.966809	6500.911123
contig-422	8244	8094	21583	1.097702	4701.787015
contig-755	7930	7780	18946	1.002476	5766.845863
contig-235	7697	7547	15580	0.849824	7533.974584
contig-14	6850	6700	18783	1.154054	3256.287808
contig-114	6230	6080	14461	0.979108	4745.963026
contig-354	6042	5892	13939	0.973878	4651.095376
contig-432	4898	4748	12748	1.105267	2697.623523
contig-762	4313	4163	9709	0.960072	3383.013072
contig-223	4303	4153	10684	1.059029	2682.902524
contig-108	4254	4104	10895	1.092838	2417.617440
contig-152	3350	3200	8339	1.072753	1993.300611
contig-65	3207	3057	6936	0.934006	2618.409837
contig-170	3006	2856	6941	1.000460	2126.673962
contig-415	2775	2625	7183	1.126451	1397.786065
contig-333	2649	2499	5256	0.865815	2427.400893
contig-502	2493	2343	5624	0.988118	1793.366802
contig-423	2223	2073	5520	1.096164	1209.568848
contig-239	2160	2010	5193	1.063551	1283.188081
contig-275	2061	1911	4622	0.995646	1438.483859
contig-563	2035	1885	5660	1.236064	655.837764
contig-486	1906	1756	4890	1.146358	876.193691
contig-784	1762	1612	4431	1.131547	844.542774
contig-133	1756	1606	4584	1.174992	723.916027
contig-193	1689	1539	7854	2.100817	-1705.431966
contig-160	1675	1525	3510	0.947487	1271.590521
contig-351	1375	1225	6629	2.227654	-1619.096937
contig-76	1345	1195	8830	3.041786	-3217.590022
contig-184	1326	1176	3116	1.090752	696.898079
contig-197	1255	1105	12450	4.638131	-5945.411236
contig-267	1186	1036	2813	1.117753	566.833021
contig-507	1142	992	123	0.051042	2324.513931
contig-554	1133	983	3975	1.664637	-367.351850
contig-382	1115	965	2251	0.960249	783.908205
contig-424	1097	947	2162	0.939813	801.872620
contig-386	1045	895	6872	3.160793	-2589.169244
contig-346	882	732	1891	1.063448	467.436501
contig-294	876	726	12394	7.027660	-6827.263564
contig-397	875	725	3333	1.892488	-549.086166
contig-673	860	710	67	0.038847	1678.294456
contig-751	848	698	2539	1.497418	-64.315831
contig-232	826	676	2150	1.309265	151.875920
contig-64	798	648	13162	8.361473	-7549.078563
contig-437	762	612	10732	7.218802	-5952.182283
contig-289	750	600	1013	0.695015	755.364709
contig-732	728	578	47	0.033474	1371.502383
contig-86	705	555	9604	7.123527	-5308.776929
contig-389	603	453	1102	1.001427	336.581523
contig-342	600	450	49	0.044825	1059.177890
contig-384	594	444	1948	1.806100	-271.683834
contig-314	574	424	1030	1.000017	316.041185
contig-23	531	381	11378	12.293537	-6961.101641
contig-281	500	350	43	0.050575	820.416306
contig-425	494	344	874	1.045897	229.835771
contig-482	494	344	910	1.088977	204.882473
contig-557	474	324	56	0.071151	748.246072
contig-60	461	311	1255	1.661190	-114.417059
contig-284	454	304	763	1.033206	209.606921
contig-363	436	286	697	1.003235	211.628951
contig-134	435	285	463	0.668763	371.396187
contig-6	435	285	38	0.054888	665.983739
contig-680	426	276	561	0.836738	281.604921
contig-177	425	275	1478	2.212471	-356.440248
contig-497	417	267	598	0.921989	234.095633
contig-143	392	242	582	0.990019	184.455871
contig-627	391	241	357	0.609800	337.984782
contig-406	388	238	645	1.115626	131.070780
contig-405	386	236	408	0.711679	290.488253
contig-225	374	224	2576	4.734060	-1241.405291
contig-63	373	223	455	0.839929	226.330675
contig-660	373	223	1014	1.871841	-161.138599
contig-416	362	212	458	0.889335	197.529982
contig-73	357	207	593	1.179289	91.809089
contig-549	352	202	453	0.923172	176.703671
contig-388	350	200	533	1.097067	116.393487
contig-191	350	200	478	0.983861	154.516582
contig-31	347	197	401	0.837942	200.601301
contig-528	339	189	324	0.705698	234.539996
contig-723	339	189	740	1.611780	-53.809231
contig-336	334	184	390	0.872535	176.646259
contig-393	332	182	1222	2.763985	-404.910604
contig-269	330	180	286	0.654078	239.016747
contig-244	330	180	467	1.068022	113.557108
contig-57	328	178	280	0.647551	238.317221
contig-221	327	177	457	1.062867	113.200965
contig-447	325	175	415	0.976216	137.454738
contig-479	322	172	371	0.887935	160.665600
contig-562	320	170	494	1.196228	70.550087
contig-394	319	169	464	1.130231	88.915298
contig-675	318	168	169	0.414108	290.964511
contig-572	316	166	397	0.984506	128.068545
contig-430	316	166	288	0.714201	203.621587
contig-802	314	164	549	1.378048	17.851764
contig-131	313	163	738	1.863823	-115.582258
contig-494	313	163	391	0.987473	124.939814
contig-293	311	161	398	1.017637	115.229374
contig-55	310	160	272	0.699818	200.136714
contig-47	307	157	314	0.823315	163.736919
contig-499	306	156	330	0.870814	150.217359
contig-460	305	155	299	0.794100	169.275717
contig-782	303	153	92	0.247533	307.898774
contig-162	301	151	320	0.872386	145.002808
contig-49	301	151	651	1.774761	-84.428909
contig-77	301	151	425	1.158638	72.222354
contig-411	301	151	374	1.019602	107.572860
contig-448	301	151	394	1.074126	93.709916
contig-443	301	151	474	1.292222	38.258142
contig-473	301	151	261	0.711540	185.898491
contig-613	301	151	174	0.474360	246.202296
contig-696	300	150	245	0.672374	194.559642
contig-535	300	150	1936	5.313124	-977.552241
contig-105	300	150	431	1.182829	65.634266
contig-442	300	150	344	0.944068	125.938071
contig-234	299	149	424	1.171428	68.057092
contig-53	299	149	370	1.022236	105.487039
contig-496	299	149	402	1.110646	83.306329
contig-257	297	147	2218	6.211266	-1180.307360
contig-580	297	147	401	1.122956	79.141067
contig-506	295	145	740	2.100872	-160.694236
contig-630	295	145	311	0.882934	136.665904
contig-112	294	144	143	0.408799	250.685426
contig-335	292	142	1109	3.214986	-423.753160
contig-682	292	142	2624	7.606964	-1473.871138
contig-260	292	142	1321	3.829573	-570.700362
contig-746	291	141	371	1.083155	85.360255
contig-13	291	141	342	0.998488	105.461523
contig-385	289	139	139	0.411657	241.311991
contig-431	288	138	365	1.088804	82.231524
contig-300	288	138	46	0.137219	303.345474
contig-819	285	135	112	0.341523	250.310146
contig-174	285	135	559	1.704566	-59.526643
contig-466	285	135	33	0.100627	305.068774
contig-631	285	135	586	1.786898	-78.241617
contig-127	284	134	361	1.109017	75.287294
contig-113	284	134	228	0.700432	167.475869
contig-666	284	134	152	0.466955	220.155055
contig-320	283	133	120	0.371420	239.906560
contig-84	283	133	44	0.136187	292.585745
contig-449	283	133	1758	5.441306	-895.468522
contig-249	282	132	976	3.043770	-355.856632
contig-553	281	131	1891	5.942321	-992.515506
contig-462	281	131	2281	7.167866	-1262.842907
contig-338	280	130	66	0.208995	270.048893
contig-525	280	130	59	0.186829	274.900924
contig-5	280	130	344	1.089309	77.353977
contig-180	279	129	42	0.134028	284.255221
contig-615	279	129	17	0.054249	301.583901
contig-124	278	128	220	0.707536	158.445818
contig-149	276	126	375	1.225171	46.149596
contig-99	276	126	542	1.770780	-69.605983
contig-161	275	125	41	0.135024	275.231550
contig-297	275	125	2244	7.390073	-1251.771689
contig-252	274	124	2068	6.865383	-1132.206990
contig-280	274	124	187	0.620806	171.602857
contig-434	274	124	294	0.976026	97.436108
contig-645	274	124	230	0.763558	141.797528
contig-375	269	119	342	1.183083	52.019020
contig-378	269	119	1909	6.603814	-1034.142612
contig-656	268	118	24	0.083727	270.010619
contig-181	267	117	442	1.555150	-22.154107
contig-727	267	117	45	0.158330	253.025323
contig-32	267	117	2265	7.969264	-1285.761417
contig-331	265	115	276	0.987978	88.049915
contig-243	265	115	309	1.106105	65.176058
contig-285	265	115	479	1.714642	-52.658962
contig-608	265	115	630	2.255166	-157.324187
contig-222	264	114	36	0.129997	251.976034
contig-69	264	114	240	0.866647	110.574009
contig-541	263	113	480	1.748633	-58.210519
contig-329	262	112	291	1.069574	70.365094
contig-730	262	112	310	1.139409	57.195297
contig-192	261	111	22	0.081590	254.392481
contig-707	261	111	29	0.107550	249.540450
contig-183	261	111	44	0.163179	239.143243
contig-545	261	111	22	0.081590	254.392481
contig-456	261	111	9	0.033378	263.403394
contig-463	261	111	1484	5.503599	-758.988697
contig-647	260	110	326	1.220003	41.246533
contig-254	259	109	378	1.427582	2.773675
contig-646	259	109	50	0.188834	230.125950
contig-810	258	108	55	0.209640	224.231010
contig-153	257	107	177	0.680966	137.237849
contig-325	255	105	142	0.556718	156.639591
contig-577	252	102	18	0.072645	235.302227
contig-794	251	101	246	1.002651	74.835465
contig-552	250	100	1749	7.199887	-969.393952
contig-722	250	100	2003	8.245497	-1145.453335
contig-663	249	99	175	0.727677	119.190506
contig-436	249	99	200	0.831631	101.861826
contig-566	248	98	163	0.684695	125.079067
contig-622	247	97	37	0.157024	209.986407
contig-683	246	96	282	1.209244	37.736144
contig-720	245	95	33	0.142997	207.900587
contig-522	244	94	155	0.678797	120.907426
contig-747	244	94	8	0.035035	222.800062
contig-107	244	94	236	1.033523	64.762505
contig-621	244	94	389	1.703561	-41.289014
contig-754	243	93	27	0.119513	207.201061
contig-83	243	93	263	1.164149	43.618326
contig-359	242	92	5	0.022373	220.021094
contig-229	240	90	30	0.137219	197.834005
contig-356	240	90	728	3.329851	-285.982727
contig-483	240	90	234	1.070309	56.431980
contig-701	239	89	36	0.166513	191.245917
contig-779	239	89	43	0.198891	186.393887
contig-501	237	87	163	0.771266	98.357816
contig-250	237	87	339	1.604044	-23.636088
contig-428	235	85	15	0.072645	196.085189
contig-636	235	85	918	4.445900	-429.826715
contig-575	234	84	99	0.485168	135.431622
contig-418	234	84	87	0.426359	143.749388
contig-85	234	84	1142	5.596580	-587.520888
contig-652	233	83	76	0.376939	148.944802
contig-142	231	81	169	0.858890	79.623705
contig-136	231	81	160	0.813150	85.862030
contig-455	231	81	167	0.848726	81.009999
contig-12	230	80	75	0.385929	142.350335
contig-163	229	79	1318	6.867904	-721.660815
contig-364	228	78	11	0.058054	181.853345
contig-708	227	77	153	0.817969	80.997241
contig-731	227	77	6	0.032077	182.889877
contig-279	227	77	387	2.068979	-81.199199
contig-477	227	77	149	0.796584	83.769830
contig-505	226	76	10	0.054165	177.688083
contig-46	226	76	132	0.714984	93.124127
contig-117	225	75	275	1.509410	-8.425124
contig-95	225	75	146	0.801360	80.990862
contig-238	224	74	141	0.784374	82.027393
contig-147	224	74	609	3.387829	-242.365487
contig-79	224	74	262	1.457490	-1.843416
contig-119	224	74	336	1.869147	-53.136307
contig-692	223	73	122	0.687975	92.767985
contig-247	223	73	94	0.530079	112.176106
contig-768	223	73	27	0.152257	158.616967
contig-601	223	73	736	4.150409	-332.824384
contig-492	223	73	128	0.721810	88.609102
contig-689	222	72	12	0.068610	166.584970
contig-542	222	72	232	1.326452	14.092590
contig-157	222	72	106	0.606051	101.429135
contig-59	222	72	218	1.246407	23.796651
contig-129	222	72	829	4.739777	-399.716276
contig-22	222	72	543	3.104583	-201.476183
contig-81	222	72	17	0.097197	163.119234
contig-676	222	72	148	0.846185	72.316954
contig-345	222	72	305	1.743826	-36.507154
contig-101	221	71	92	0.533415	108.703991
contig-649	221	71	4	0.023192	169.700943
contig-480	221	71	153	0.887093	66.422013
contig-398	220	70	150	0.882123	66.072250
contig-791	220	70	96	0.564559	103.502198
contig-527	220	70	8	0.047047	164.499150
contig-187	220	70	153	0.899765	63.992808
contig-138	220	70	160	0.940931	59.140778
contig-421	220	70	824	4.845795	-401.108950
contig-659	220	70	190	1.117356	38.346363
contig-135	219	69	90	0.536944	105.231876
contig-402	219	69	1101	6.568620	-595.539923
contig-481	219	69	17	0.101423	155.831620
contig-410	218	68	1814	10.981566	-1092.183068
contig-303	218	68	1267	7.670145	-713.031560
contig-537	217	67	189	1.161242	31.751896
contig-167	217	67	860	5.283960	-433.349862
contig-334	216	66	214	1.334768	11.994012
contig-219	215	65	338	2.140618	-76.385443
contig-75	215	65	165	1.044976	43.529019
contig-34	215	65	871	5.516209	-445.832891
contig-30	215	65	880	5.573207	-452.071215
contig-403	215	65	271	1.716295	-29.944582
contig-685	214	64	0	0.000000	155.469099
contig-593	214	64	358	2.302708	-92.677592
contig-137	214	64	220	1.415072	2.976719
contig-287	214	64	148	0.951958	52.883316
contig-98	214	64	155	0.996983	48.031286
contig-347	214	64	259	1.665926	-24.056021
contig-798	213	63	119	0.777575	70.555380
contig-175	213	63	385	2.515684	-113.821770
contig-776	213	63	14	0.091479	143.335834
contig-775	212	62	4	0.026559	147.838101
contig-296	212	62	139	0.922909	54.263232
contig-312	212	62	252	1.673188	-24.062400
contig-208	211	61	89	0.600615	86.491386
contig-661	211	61	113	0.762578	69.855854
contig-313	211	61	436	2.942338	-154.030686
contig-488	210	60	1417	9.721975	-836.437275
contig-812	209	59	95	0.662838	77.474093
contig-266	208	58	91	0.645876	77.817478
contig-11	208	58	135	0.958168	47.319002
contig-565	206	56	150	1.102654	32.063385
contig-322	205	55	6	0.044908	129.447374
contig-713	205	55	366	2.739393	-120.085611
contig-92	205	55	136	1.017916	39.338240
contig-178	204	54	777	5.923292	-407.398307
contig-816	203	53	72	0.559233	78.841251
contig-194	203	53	146	1.134000	27.548359
contig-272	203	53	253	1.965081	-46.618389
contig-561	202	52	228	1.804959	-31.718914
contig-132	202	52	175	1.385385	5.017886
contig-36	202	52	0	0.000000	126.318643
contig-68	201	51	117	0.944390	42.791218
contig-471	201	51	32	0.258295	101.708728
contig-752	200	50	288	2.371146	-78.166154
contig-638	200	50	5	0.041166	117.994498
